[125, 376, 498] ,
[125, 378, 496] ,
[125, 396, 478] ,
[125, 398, 476] ,
[125, 476, 398] ,
[125, 478, 396] ,
[125, 496, 378] ,
[125, 498, 376] ,
[126, 375, 498] ,
[126, 378, 495] ,
[126, 395, 478] ,
[126, 398, 475] ,
[126, 475, 398] ,
[126, 478, 395] ,
[126, 495, 378] ,
[126, 498, 375] ,
[128, 375, 496] ,
[128, 376, 495] ,
[128, 395, 476] ,
[128, 396, 475] ,
[128, 475, 396] ,
[128, 476, 395] ,
[128, 495, 376] ,
[128, 496, 375] ,
[134, 267, 598] ,
[134, 268, 597] ,
[134, 276, 589] ,
[134, 279, 586] ,
[134, 286, 579] ,
[134, 289, 576] ,
[134, 297, 568] ,
[134, 298, 567] ,
[134, 567, 298] ,
[134, 568, 297] ,
[134, 576, 289] ,
[134, 579, 286] ,
[134, 586, 279] ,
[134, 589, 276] ,
[134, 597, 268] ,
[134, 598, 267] ,
[136, 274, 589] ,
[136, 279, 584] ,
[136, 284, 579] ,
[136, 289, 574] ,
[136, 574, 289] ,
[136, 579, 284] ,
[136, 584, 279] ,
[136, 589, 274] ,
[137, 264, 598] ,
[137, 268, 594] ,
[137, 294, 568] ,
[137, 298, 564] ,
[137, 564, 298] ,
[137, 568, 294] ,
[137, 594, 268] ,
[137, 598, 264] ,
[138, 264, 597] ,
[138, 267, 594] ,
[138, 294, 567] ,
[138, 297, 564] ,
[138, 564, 297] ,
[138, 567, 294] ,
[138, 594, 267] ,
[138, 597, 264] ,
[139, 274, 586] ,
[139, 276, 584] ,
[139, 284, 576] ,
[139, 286, 574] ,
[139, 574, 286] ,
[139, 576, 284] ,
[139, 584, 276] ,
[139, 586, 274] ,
[143, 267, 589] ,
[143, 269, 587] ,
[143, 287, 569] ,
[143, 289, 567] ,
[143, 567, 289] ,
[143, 569, 287] ,
[143, 587, 269] ,
[143, 589, 267] ,
[147, 263, 589] ,
[147, 269, 583] ,
[147, 283, 569] ,
[147, 289, 563] ,
[147, 563, 289] ,
[147, 569, 283] ,
[147, 583, 269] ,
[147, 589, 263] ,
[149, 263, 587] ,
[149, 267, 583] ,
[149, 283, 567] ,
[149, 287, 563] ,
[149, 563, 287] ,
[149, 567, 283] ,
[149, 583, 267] ,
[149, 587, 263] ,
[152, 368, 479] ,
[152, 369, 478] ,
[152, 378, 469] ,
[152, 379, 468] ,
[152, 468, 379] ,
[152, 469, 378] ,
[152, 478, 369] ,
[152, 479, 368] ,
[158, 362, 479] ,
[158, 369, 472] ,
[158, 372, 469] ,
[158, 379, 462] ,
[158, 462, 379] ,
[158, 469, 372] ,
[158, 472, 369] ,
[158, 479, 362] ,
[159, 362, 478] ,
[159, 368, 472] ,
[159, 372, 468] ,
[159, 378, 462] ,
[159, 462, 378] ,
[159, 468, 372] ,
[159, 472, 368] ,
[159, 478, 362] ,
[162, 358, 479] ,
[162, 359, 478] ,
[162, 378, 459] ,
[162, 379, 458] ,
[162, 458, 379] ,
[162, 459, 378] ,
[162, 478, 359] ,
[162, 479, 358] ,
[163, 247, 589] ,
[163, 249, 587] ,
[163, 287, 549] ,
[163, 289, 547] ,
[163, 547, 289] ,
[163, 549, 287] ,
[163, 587, 249] ,
[163, 589, 247] ,
[164, 237, 598] ,
[164, 238, 597] ,
[164, 297, 538] ,
[164, 298, 537] ,
[164, 537, 298] ,
[164, 538, 297] ,
[164, 597, 238] ,
[164, 598, 237] ,
[167, 234, 598] ,
[167, 238, 594] ,
[167, 243, 589] ,
[167, 249, 583] ,
[167, 283, 549] ,
[167, 289, 543] ,
[167, 294, 538] ,
[167, 298, 534] ,
[167, 534, 298] ,
[167, 538, 294] ,
[167, 543, 289] ,
[167, 549, 283] ,
[167, 583, 249] ,
[167, 589, 243] ,
[167, 594, 238] ,
[167, 598, 234] ,
[168, 234, 597] ,
[168, 237, 594] ,
[168, 294, 537] ,
[168, 297, 534] ,
[168, 352, 479] ,
[168, 359, 472] ,
[168, 372, 459] ,
[168, 379, 452] ,
[168, 452, 379] ,
[168, 459, 372] ,
[168, 472, 359] ,
[168, 479, 352] ,
[168, 534, 297] ,
[168, 537, 294] ,
[168, 594, 237] ,
[168, 597, 234] ,
[169, 243, 587] ,
[169, 247, 583] ,
[169, 283, 547] ,
[169, 287, 543] ,
[169, 352, 478] ,
[169, 358, 472] ,
[169, 372, 458] ,
[169, 378, 452] ,
[169, 452, 378] ,
[169, 458, 372] ,
[169, 472, 358] ,
[169, 478, 352] ,
[169, 543, 287] ,
[169, 547, 283] ,
[169, 583, 247] ,
[169, 587, 243] ,
[172, 358, 469] ,
[172, 359, 468] ,
[172, 368, 459] ,
[172, 369, 458] ,
[172, 458, 369] ,
[172, 459, 368] ,
[172, 468, 359] ,
[172, 469, 358] ,
[174, 236, 589] ,
[174, 239, 586] ,
[174, 286, 539] ,
[174, 289, 536] ,
[174, 536, 289] ,
[174, 539, 286] ,
[174, 586, 239] ,
[174, 589, 236] ,
[175, 326, 498] ,
[175, 328, 496] ,
[175, 396, 428] ,
[175, 398, 426] ,
[175, 426, 398] ,
[175, 428, 396] ,
[175, 496, 328] ,
[175, 498, 326] ,
[176, 234, 589] ,
[176, 239, 584] ,
[176, 284, 539] ,
[176, 289, 534] ,
[176, 325, 498] ,
[176, 328, 495] ,
[176, 395, 428] ,
[176, 398, 425] ,
[176, 425, 398] ,
[176, 428, 395] ,
[176, 495, 328] ,
[176, 498, 325] ,
[176, 534, 289] ,
[176, 539, 284] ,
[176, 584, 239] ,
[176, 589, 234] ,
[178, 325, 496] ,
[178, 326, 495] ,
[178, 352, 469] ,
[178, 359, 462] ,
[178, 362, 459] ,
[178, 369, 452] ,
[178, 395, 426] ,
[178, 396, 425] ,
[178, 425, 396] ,
[178, 426, 395] ,
[178, 452, 369] ,
[178, 459, 362] ,
[178, 462, 359] ,
[178, 469, 352] ,
[178, 495, 326] ,
[178, 496, 325] ,
[179, 234, 586] ,
[179, 236, 584] ,
[179, 284, 536] ,
[179, 286, 534] ,
[179, 352, 468] ,
[179, 358, 462] ,
[179, 362, 458] ,
[179, 368, 452] ,
[179, 452, 368] ,
[179, 458, 362] ,
[179, 462, 358] ,
[179, 468, 352] ,
[179, 534, 286] ,
[179, 536, 284] ,
[179, 584, 236] ,
[179, 586, 234] ,
[183, 247, 569] ,
[183, 249, 567] ,
[183, 267, 549] ,
[183, 269, 547] ,
[183, 547, 269] ,
[183, 549, 267] ,
[183, 567, 249] ,
[183, 569, 247] ,
[184, 236, 579] ,
[184, 239, 576] ,
[184, 276, 539] ,
[184, 279, 536] ,
[184, 536, 279] ,
[184, 539, 276] ,
[184, 576, 239] ,
[184, 579, 236] ,
[186, 234, 579] ,
[186, 239, 574] ,
[186, 274, 539] ,
[186, 279, 534] ,
[186, 534, 279] ,
[186, 539, 274] ,
[186, 574, 239] ,
[186, 579, 234] ,
[187, 243, 569] ,
[187, 249, 563] ,
[187, 263, 549] ,
[187, 269, 543] ,
[187, 543, 269] ,
[187, 549, 263] ,
[187, 563, 249] ,
[187, 569, 243] ,
[189, 234, 576] ,
[189, 236, 574] ,
[189, 243, 567] ,
[189, 247, 563] ,
[189, 263, 547] ,
[189, 267, 543] ,
[189, 274, 536] ,
[189, 276, 534] ,
[189, 534, 276] ,
[189, 536, 274] ,
[189, 543, 267] ,
[189, 547, 263] ,
[189, 563, 247] ,
[189, 567, 243] ,
[189, 574, 236] ,
[189, 576, 234] ,
[194, 237, 568] ,
[194, 238, 567] ,
[194, 267, 538] ,
[194, 268, 537] ,
[194, 537, 268] ,
[194, 538, 267] ,
[194, 567, 238] ,
[194, 568, 237] ,
[195, 326, 478] ,
[195, 328, 476] ,
[195, 376, 428] ,
[195, 378, 426] ,
[195, 426, 378] ,
[195, 428, 376] ,
[195, 476, 328] ,
[195, 478, 326] ,
[196, 325, 478] ,
[196, 328, 475] ,
[196, 375, 428] ,
[196, 378, 425] ,
[196, 425, 378] ,
[196, 428, 375] ,
[196, 475, 328] ,
[196, 478, 325] ,
[197, 234, 568] ,
[197, 238, 564] ,
[197, 264, 538] ,
[197, 268, 534] ,
[197, 534, 268] ,
[197, 538, 264] ,
[197, 564, 238] ,
[197, 568, 234] ,
[198, 234, 567] ,
[198, 237, 564] ,
[198, 264, 537] ,
[198, 267, 534] ,
[198, 325, 476] ,
[198, 326, 475] ,
[198, 375, 426] ,
[198, 376, 425] ,
[198, 425, 376] ,
[198, 426, 375] ,
[198, 475, 326] ,
[198, 476, 325] ,
[198, 534, 267] ,
[198, 537, 264] ,
[198, 564, 237] ,
[198, 567, 234] ,
[234, 167, 598] ,
[234, 168, 597] ,
[234, 176, 589] ,
[234, 179, 586] ,
[234, 186, 579] ,
[234, 189, 576] ,
[234, 197, 568] ,
[234, 198, 567] ,
[234, 567, 198] ,
[234, 568, 197] ,
[234, 576, 189] ,
[234, 579, 186] ,
[234, 586, 179] ,
[234, 589, 176] ,
[234, 597, 168] ,
[234, 598, 167] ,
[236, 174, 589] ,
[236, 179, 584] ,
[236, 184, 579] ,
[236, 189, 574] ,
[236, 574, 189] ,
[236, 579, 184] ,
[236, 584, 179] ,
[236, 589, 174] ,
[237, 164, 598] ,
[237, 168, 594] ,
[237, 194, 568] ,
[237, 198, 564] ,
[237, 564, 198] ,
[237, 568, 194] ,
[237, 594, 168] ,
[237, 598, 164] ,
[238, 164, 597] ,
[238, 167, 594] ,
[238, 194, 567] ,
[238, 197, 564] ,
[238, 564, 197] ,
[238, 567, 194] ,
[238, 594, 167] ,
[238, 597, 164] ,
[239, 174, 586] ,
[239, 176, 584] ,
[239, 184, 576] ,
[239, 186, 574] ,
[239, 574, 186] ,
[239, 576, 184] ,
[239, 584, 176] ,
[239, 586, 174] ,
[243, 167, 589] ,
[243, 169, 587] ,
[243, 187, 569] ,
[243, 189, 567] ,
[243, 567, 189] ,
[243, 569, 187] ,
[243, 587, 169] ,
[243, 589, 167] ,
[247, 163, 589] ,
[247, 169, 583] ,
[247, 183, 569] ,
[247, 189, 563] ,
[247, 563, 189] ,
[247, 569, 183] ,
[247, 583, 169] ,
[247, 589, 163] ,
[249, 163, 587] ,
[249, 167, 583] ,
[249, 183, 567] ,
[249, 187, 563] ,
[249, 563, 187] ,
[249, 567, 183] ,
[249, 583, 167] ,
[249, 587, 163] ,
[263, 147, 589] ,
[263, 149, 587] ,
[263, 187, 549] ,
[263, 189, 547] ,
[263, 547, 189] ,
[263, 549, 187] ,
[263, 587, 149] ,
[263, 589, 147] ,
[264, 137, 598] ,
[264, 138, 597] ,
[264, 197, 538] ,
[264, 198, 537] ,
[264, 537, 198] ,
[264, 538, 197] ,
[264, 597, 138] ,
[264, 598, 137] ,
[267, 134, 598] ,
[267, 138, 594] ,
[267, 143, 589] ,
[267, 149, 583] ,
[267, 183, 549] ,
[267, 189, 543] ,
[267, 194, 538] ,
[267, 198, 534] ,
[267, 534, 198] ,
[267, 538, 194] ,
[267, 543, 189] ,
[267, 549, 183] ,
[267, 583, 149] ,
[267, 589, 143] ,
[267, 594, 138] ,
[267, 598, 134] ,
[268, 134, 597] ,
[268, 137, 594] ,
[268, 194, 537] ,
[268, 197, 534] ,
[268, 534, 197] ,
[268, 537, 194] ,
[268, 594, 137] ,
[268, 597, 134] ,
[269, 143, 587] ,
[269, 147, 583] ,
[269, 183, 547] ,
[269, 187, 543] ,
[269, 543, 187] ,
[269, 547, 183] ,
[269, 583, 147] ,
[269, 587, 143] ,
[274, 136, 589] ,
[274, 139, 586] ,
[274, 186, 539] ,
[274, 189, 536] ,
 [274, 536, 189] ,
[274, 539, 186] ,
[274, 586, 139] ,
[274, 589, 136] ,
[276, 134, 589] ,
[276, 139, 584] ,
[276, 184, 539] ,
[276, 189, 534] ,
[276, 534, 189] ,
[276, 539, 184] ,
[276, 584, 139] ,
[276, 589, 134] ,
[279, 134, 586] ,
[279, 136, 584] ,
[279, 184, 536] ,
[279, 186, 534] ,
[279, 534, 186] ,
[279, 536, 184] ,
[279, 584, 136] ,
[279, 586, 134] ,
 [283, 147, 569] ,
[283, 149, 567] ,
[283, 167, 549] ,
[283, 169, 547] ,
[283, 547, 169] ,
[283, 549, 167] ,
[283, 567, 149] ,
[283, 569, 147] ,
[284, 136, 579] ,
[284, 139, 576] ,
[284, 176, 539] ,
[284, 179, 536] ,
[284, 536, 179] ,
[284, 539, 176] ,
[284, 576, 139] ,
[284, 579, 136] ,
[286, 134, 579] ,
[286, 139, 574] ,
[286, 174, 539] ,
[286, 179, 534] ,
[286, 534, 179] ,
[286, 539, 174] ,
[286, 574, 139] ,
[286, 579, 134] ,
[287, 143, 569] ,
[287, 149, 563] ,
[287, 163, 549] ,
[287, 169, 543] ,
[287, 543, 169] ,
[287, 549, 163] ,
[287, 563, 149] ,
[287, 569, 143] ,
[289, 134, 576] ,
[289, 136, 574] ,
[289, 143, 567] ,
[289, 147, 563] ,
[289, 163, 547] ,
[289, 167, 543] ,
[289, 174, 536] ,
[289, 176, 534] ,
[289, 534, 176] ,
[289, 536, 174] ,
[289, 543, 167] ,
[289, 547, 163] ,
[289, 563, 147] ,
[289, 567, 143] ,
[289, 574, 136] ,
[289, 576, 134] ,
[294, 137, 568] ,
[294, 138, 567] ,
[294, 167, 538] ,
[294, 168, 537] ,
[294, 537, 168] ,
[294, 538, 167] ,
[294, 567, 138] ,
[294, 568, 137] ,
[297, 134, 568] ,
[297, 138, 564] ,
[297, 164, 538] ,
[297, 168, 534] ,
[297, 534, 168] ,
[297, 538, 164] ,
[297, 564, 138] ,
[297, 568, 134] ,
[298, 134, 567] ,
[298, 137, 564] ,
[298, 164, 537] ,
[298, 167, 534] ,
[298, 534, 167] ,
[298, 537, 164] ,
[298, 564, 137] ,
[298, 567, 134] ,
[325, 176, 498] ,
[325, 178, 496] ,
[325, 196, 478] ,
[325, 198, 476] ,
[325, 476, 198] ,
[325, 478, 196] ,
[325, 496, 178] ,
[325, 498, 176] ,
[326, 175, 498] ,
[326, 178, 495] ,
[326, 195, 478] ,
[326, 198, 475] ,
[326, 475, 198] ,
[326, 478, 195] ,
[326, 495, 178] ,
[326, 498, 175] ,
[328, 175, 496] ,
[328, 176, 495] ,
[328, 195, 476] ,
[328, 196, 475] ,
[328, 475, 196] ,
[328, 476, 195] ,
[328, 495, 176] ,
[328, 496, 175] ,
[352, 168, 479] ,
[352, 169, 478] ,
[352, 178, 469] ,
[352, 179, 468] ,
[352, 468, 179] ,
[352, 469, 178] ,
[352, 478, 169] ,
[352, 479, 168] ,
[358, 162, 479] ,
[358, 169, 472] ,
[358, 172, 469] ,
[358, 179, 462] ,
[358, 462, 179] ,
[358, 469, 172] ,
[358, 472, 169] ,
[358, 479, 162] ,
[359, 162, 478] ,
[359, 168, 472] ,
[359, 172, 468] ,
[359, 178, 462] ,
[359, 462, 178] ,
[359, 468, 172] ,
[359, 472, 168] ,
[359, 478, 162] ,
[362, 158, 479] ,
[362, 159, 478] ,
[362, 178, 459] ,
[362, 179, 458] ,
[362, 458, 179] ,
[362, 459, 178] ,
[362, 478, 159] ,
[362, 479, 158] ,
[368, 152, 479] ,
[368, 159, 472] ,
[368, 172, 459] ,
[368, 179, 452] ,
[368, 452, 179] ,
[368, 459, 172] ,
[368, 472, 159] ,
[368, 479, 152] ,
[369, 152, 478] ,
[369, 158, 472] ,
[369, 172, 458] ,
[369, 178, 452] ,
[369, 452, 178] ,
[369, 458, 172] ,
[369, 472, 158] ,
[369, 478, 152] ,
[372, 158, 469] ,
[372, 159, 468] ,
[372, 168, 459] ,
[372, 169, 458] ,
[372, 458, 169] ,
[372, 459, 168] ,
[372, 468, 159] ,
[372, 469, 158] ,
[375, 126, 498] ,
[375, 128, 496] ,
[375, 196, 428] ,
[375, 198, 426] ,
[375, 426, 198] ,
[375, 428, 196] ,
[375, 496, 128] ,
[375, 498, 126] ,
[376, 125, 498] ,
[376, 128, 495] ,
[376, 195, 428] ,
[376, 198, 425] ,
[376, 425, 198] ,
[376, 428, 195] ,
[376, 495, 128] ,
[376, 498, 125] ,
[378, 125, 496] ,
[378, 126, 495] ,
[378, 152, 469] ,
[378, 159, 462] ,
[378, 162, 459] ,
[378, 169, 452] ,
[378, 195, 426] ,
[378, 196, 425] ,
[378, 425, 196] ,
[378, 426, 195] ,
[378, 452, 169] ,
[378, 459, 162] ,
[378, 462, 159] ,
[378, 469, 152] ,
[378, 495, 126] ,
[378, 496, 125] ,
[379, 152, 468] ,
[379, 158, 462] ,
[379, 162, 458] ,
[379, 168, 452] ,
[379, 452, 168] ,
[379, 458, 162] ,
[379, 462, 158] ,
[379, 468, 152] ,
[395, 126, 478] ,
[395, 128, 476] ,
[395, 176, 428] ,
[395, 178, 426] ,
[395, 426, 178] ,
[395, 428, 176] ,
[395, 476, 128] ,
[395, 478, 126] ,
[396, 125, 478] ,
[396, 128, 475] ,
[396, 175, 428] ,
[396, 178, 425] ,
[396, 425, 178] ,
[396, 428, 175] ,
[396, 475, 128] ,
[396, 478, 125] ,
[398, 125, 476] ,
[398, 126, 475] ,
[398, 175, 426] ,
[398, 176, 425] ,
[398, 425, 176] ,
[398, 426, 175] ,
[398, 475, 126] ,
[398, 476, 125] ,
[425, 176, 398] ,
[425, 178, 396] ,
[425, 196, 378] ,
[425, 198, 376] ,
[425, 376, 198] ,
[425, 378, 196] ,
[425, 396, 178] ,
[425, 398, 176] ,
[426, 175, 398] ,
[426, 178, 395] ,
[426, 195, 378] ,
[426, 198, 375] ,
[426, 375, 198] ,
[426, 378, 195] ,
[426, 395, 178] ,
[426, 398, 175] ,
[428, 175, 396] ,
[428, 176, 395] ,
[428, 195, 376] ,
[428, 196, 375] ,
[428, 375, 196] ,
[428, 376, 195] ,
[428, 395, 176] ,
[428, 396, 175] ,
[452, 168, 379] ,
[452, 169, 378] ,
[452, 178, 369] ,
[452, 179, 368] ,
[452, 368, 179] ,
[452, 369, 178] ,
[452, 378, 169] ,
[452, 379, 168] ,
[458, 162, 379] ,
[458, 169, 372] ,
[458, 172, 369] ,
[458, 179, 362] ,
[458, 362, 179] ,
[458, 369, 172] ,
[458, 372, 169] ,
[458, 379, 162] ,
[459, 162, 378] ,
[459, 168, 372] ,
[459, 172, 368] ,
[459, 178, 362] ,
[459, 362, 178] ,
[459, 368, 172] ,
[459, 372, 168] ,
[459, 378, 162] ,
[462, 158, 379] ,
[462, 159, 378] ,
[462, 178, 359] ,
[462, 179, 358] ,
[462, 358, 179] ,
[462, 359, 178] ,
[462, 378, 159] ,
[462, 379, 158] ,
[468, 152, 379] ,
[468, 159, 372] ,
[468, 172, 359] ,
[468, 179, 352] ,
[468, 352, 179] ,
[468, 359, 172] ,
[468, 372, 159] ,
[468, 379, 152] ,
[469, 152, 378] ,
[469, 158, 372] ,
[469, 172, 358] ,
[469, 178, 352] ,
[469, 352, 178] ,
[469, 358, 172] ,
[469, 372, 158] ,
[469, 378, 152] ,
[472, 158, 369] ,
[472, 159, 368] ,
[472, 168, 359] ,
[472, 169, 358] ,
[472, 358, 169] ,
[472, 359, 168] ,
[472, 368, 159] ,
[472, 369, 158] ,
[475, 126, 398] ,
[475, 128, 396] ,
[475, 196, 328] ,
[475, 198, 326] ,
[475, 326, 198] ,
[475, 328, 196] ,
[475, 396, 128] ,
[475, 398, 126] ,
[476, 125, 398] ,
[476, 128, 395] ,
[476, 195, 328] ,
[476, 198, 325] ,
[476, 325, 198] ,
[476, 328, 195] ,
[476, 395, 128] ,
[476, 398, 125] ,
[478, 125, 396] ,
[478, 126, 395] ,
[478, 152, 369] ,
[478, 159, 362] ,
[478, 162, 359] ,
[478, 169, 352] ,
[478, 195, 326] ,
[478, 196, 325] ,
[478, 325, 196] ,
[478, 326, 195] ,
[478, 352, 169] ,
[478, 359, 162] ,
[478, 362, 159] ,
[478, 369, 152] ,
[478, 395, 126] ,
[478, 396, 125] ,
[479, 152, 368] ,
[479, 158, 362] ,
[479, 162, 358] ,
[479, 168, 352] ,
[479, 352, 168] ,
[479, 358, 162] ,
[479, 362, 158] ,
[479, 368, 152] ,
[495, 126, 378] ,
[495, 128, 376] ,
[495, 176, 328] ,
[495, 178, 326] ,
[495, 326, 178] ,
[495, 328, 176] ,
[495, 376, 128] ,
[495, 378, 126] ,
[496, 125, 378] ,
[496, 128, 375] ,
[496, 175, 328] ,
[496, 178, 325] ,
[496, 325, 178] ,
[496, 328, 175] ,
[496, 375, 128] ,
[496, 378, 125] ,
[498, 125, 376] ,
[498, 126, 375] ,
[498, 175, 326] ,
[498, 176, 325] ,
[498, 325, 176] ,
[498, 326, 175] ,
[498, 375, 126] ,
[498, 376, 125] ,
[534, 167, 298] ,
[534, 168, 297] ,
[534, 176, 289] ,
[534, 179, 286] ,
[534, 186, 279] ,
[534, 189, 276] ,
[534, 197, 268] ,
[534, 198, 267] ,
[534, 267, 198] ,
[534, 268, 197] ,
[534, 276, 189] ,
[534, 279, 186] ,
[534, 286, 179] ,
[534, 289, 176] ,
[534, 297, 168] ,
[534, 298, 167] ,
[536, 174, 289] ,
[536, 179, 284] ,
[536, 184, 279] ,
[536, 189, 274] ,
[536, 274, 189] ,
[536, 279, 184] ,
[536, 284, 179] ,
[536, 289, 174] ,
[537, 164, 298] ,
[537, 168, 294] ,
[537, 194, 268] ,
[537, 198, 264] ,
[537, 264, 198] ,
[537, 268, 194] ,
[537, 294, 168] ,
[537, 298, 164] ,
[538, 164, 297] ,
[538, 167, 294] ,
[538, 194, 267] ,
[538, 197, 264] ,
[538, 264, 197] ,
[538, 267, 194] ,
[538, 294, 167] ,
[538, 297, 164] ,
[539, 174, 286] ,
[539, 176, 284] ,
[539, 184, 276] ,
[539, 186, 274] ,
[539, 274, 186] ,
[539, 276, 184] ,
[539, 284, 176] ,
[539, 286, 174] ,
[543, 167, 289] ,
[543, 169, 287] ,
[543, 187, 269] ,
[543, 189, 267] ,
[543, 267, 189] ,
[543, 269, 187] ,
[543, 287, 169] ,
[543, 289, 167] ,
[547, 163, 289] ,
[547, 169, 283] ,
[547, 183, 269] ,
[547, 189, 263] ,
[547, 263, 189] ,
[547, 269, 183] ,
[547, 283, 169] ,
[547, 289, 163] ,
[549, 163, 287] ,
[549, 167, 283] ,
[549, 183, 267] ,
[549, 187, 263] ,
[549, 263, 187] ,
[549, 267, 183] ,
[549, 283, 167] ,
[549, 287, 163] ,
[563, 147, 289] ,
[563, 149, 287] ,
[563, 187, 249] ,
[563, 189, 247] ,
[563, 247, 189] ,
[563, 249, 187] ,
[563, 287, 149] ,
[563, 289, 147] ,
[564, 137, 298] ,
[564, 138, 297] ,
[564, 197, 238] ,
[564, 198, 237] ,
[564, 237, 198] ,
[564, 238, 197] ,
[564, 297, 138] ,
[564, 298, 137] ,
[567, 134, 298] ,
[567, 138, 294] ,
[567, 143, 289] ,
[567, 149, 283] ,
[567, 183, 249] ,
[567, 189, 243] ,
[567, 194, 238] ,
[567, 198, 234] ,
[567, 234, 198] ,
[567, 238, 194] ,
[567, 243, 189] ,
[567, 249, 183] ,
[567, 283, 149] ,
[567, 289, 143] ,
[567, 294, 138] ,
[567, 298, 134] ,
[568, 134, 297] ,
[568, 137, 294] ,
[568, 194, 237] ,
[568, 197, 234] ,
[568, 234, 197] ,
[568, 237, 194] ,
[568, 294, 137] ,
[568, 297, 134] ,
[569, 143, 287] ,
[569, 147, 283] ,
[569, 183, 247] ,
[569, 187, 243] ,
[569, 243, 187] ,
[569, 247, 183] ,
[569, 283, 147] ,
[569, 287, 143] ,
[574, 136, 289] ,
[574, 139, 286] ,
[574, 186, 239] ,
[574, 189, 236] ,
[574, 236, 189] ,
[574, 239, 186] ,
[574, 286, 139] ,
[574, 289, 136] ,
[576, 134, 289] ,
[576, 139, 284] ,
[576, 184, 239] ,
[576, 189, 234] ,
[576, 234, 189] ,
[576, 239, 184] ,
[576, 284, 139] ,
[576, 289, 134] ,
[579, 134, 286] ,
[579, 136, 284] ,
[579, 184, 236] ,
[579, 186, 234] ,
[579, 234, 186] ,
[579, 236, 184] ,
[579, 284, 136] ,
[579, 286, 134] ,
[583, 147, 269] ,
[583, 149, 267] ,
[583, 167, 249] ,
[583, 169, 247] ,
[583, 247, 169] ,
[583, 249, 167] ,
[583, 267, 149] ,
[583, 269, 147] ,
[584, 136, 279] ,
[584, 139, 276] ,
[584, 176, 239] ,
[584, 179, 236] ,
[584, 236, 179] ,
[584, 239, 176] ,
[584, 276, 139] ,
[584, 279, 136] ,
[586, 134, 279] ,
[586, 139, 274] ,
[586, 174, 239] ,
[586, 179, 234] ,
[586, 234, 179] ,
[586, 239, 174] ,
[586, 274, 139] ,
[586, 279, 134] ,
[587, 143, 269] ,
[587, 149, 263] ,
[587, 163, 249] ,
[587, 169, 243] ,
[587, 243, 169] ,
[587, 249, 163] ,
[587, 263, 149] ,
[587, 269, 143] ,
[589, 134, 276] ,
[589, 136, 274] ,
[589, 143, 267] ,
[589, 147, 263] ,
[589, 163, 247] ,
[589, 167, 243] ,
[589, 174, 236] ,
[589, 176, 234] ,
[589, 234, 176] ,
[589, 236, 174] ,
[589, 243, 167] ,
[589, 247, 163] ,
[589, 263, 147] ,
[589, 267, 143] ,
[589, 274, 136] ,
[589, 276, 134] ,
[594, 137, 268] ,
[594, 138, 267] ,
[594, 167, 238] ,
[594, 168, 237] ,
[594, 237, 168] ,
[594, 238, 167] ,
[594, 267, 138] ,
[594, 268, 137] ,
[597, 134, 268] ,
[597, 138, 264] ,
[597, 164, 238] ,
[597, 168, 234] ,
[597, 234, 168] ,
[597, 238, 164] ,
[597, 264, 138] ,
[597, 268, 134] ,
[598, 134, 267] ,
[598, 137, 264] ,
[598, 164, 237] ,
[598, 167, 234] ,
[598, 234, 167] ,
[598, 237, 164] ,
[598, 264, 137] ,
[598, 267, 134] ,
